4294967278,49
4294967278,48
4294967278,47
4294967278,46
4294967278,45
4294967278,44
4294967278,43
4294967278,42
4294967278,41
4294967278,40
4294967278,39
4294967278,38
4294967278,37
4294967278,36
4294967278,35
4294967278,34
4294967278,33
4294967278,32
4294967278,31
4294967278,30
4294967278,289
4294967278,29
4294967278,28
4294967278,27
4294967278,26
4294967278,137
4294967278,25
4294967278,24
4294967278,286
4294967278,23
4294967278,513
4294967278,21
4294967278,20
4294967278,19
4294967278,18
4294967278,17
4294967278,16
4294967278,15
4294967278,14
4294967278,13
4294967278,12
4294967278,11
4294967278,10
4294967278,9
4294967278,8
4294967278,6
4294967278,5
4294967278,4
4294967279,132
4294967279,131
4294967279,129
4294967279,128
4294967279,127
4294967279,126
4294967279,125
4294967279,124
4294967279,123
4294967279,122
4294967279,121
4294967279,120
4294967279,119
4294967279,115
4294967279,113
4294967279,112
4294967279,111
4294967279,110
4294967279,108
4294967279,107
4294967279,106
4294967279,105
4294967279,104
4294967279,103
4294967279,101
4294967279,98
4294967279,96
4294967279,95
4294967279,94
4294967279,93
4294967279,92
4294967279,86
4294967279,84
4294967279,83
4294967279,82
4294967279,81
4294967279,79
4294967279,78
4294967279,77
4294967279,76
4294967279,74
4294967279,139
4294967278,326
4294967278,22
4294967278,133
4294967278,273
4294967278,285
4294967278,270
4294967278,284
4294967278,282
4294967278,281
4294967278,267
4294967278,266
4294967278,265
4294967279,262
4294967278,264
4294967278,263
4294967278,278
4294967279,274
4294967278,261
4294967278,7
4294967278,277
4294967278,258
4294967278,257
4294967279,255
4294967278,256
4294967279,387
4294967278,255
4294967279,253
4294967279,252
4294967278,325
4294967279,386
4294967279,130
4294967279,249
4294967278,252
4294967279,248
4294967279,247
4294967279,246
4294967279,244
4294967279,118
4294967279,363
4294967279,109
4294967278,559
4294967279,117
4294967279,243
4294967278,240
4294967278,241
4294967279,116
4294967279,240
4294967278,238
4294967279,237
4294967294,899
4294967294,163
4294967294,906
4294967278,237
4294967278,558
4294967279,114
4294967279,236
4294967279,238
4294967278,236
4294967279,235
4294967279,233
4294967278,232
4294967279,227
4294967279,231
44,5
4294967278,230
44,4
4294967279,229
44,3
44,2
44,1
4294967279,228
4294967278,228
4294967279,225
4294967278,224
4294967279,223
4294967278,222
4294967278,221
4294967279,221
4294967294,437
4294967278,220
4294967279,219
4294967279,102
4294967278,218
4294967279,217
4294967278,216
42,4
4294967279,215
42,3
42,2
42,1
4294967279,214
4294967278,214
4294967294,409
4294967294,396
4294967294,1413
4294967294,399
4294967294,179
4294967294,407
4294967294,385
4294967294,444
4294967294,398
4294967294,167
4294967294,944
4294967294,183
4294967294,415
4294967294,164
4294967294,112
4294967294,108
4294967294,110
4294967294,175
4294967279,321
4294967278,213
4294967278,556
4294967279,91
4294967279,100
4294967279,360
4294967278,555
4294967279,99
4294967279,211
4294967279,359
4294967278,554
4294967279,210
4294967278,209
4294967279,209
4294967279,385
4294967279,97
4294967278,208
4294967279,208
4294967278,207
4294967278,206
4294967279,206
4294967279,203
4294967278,205
41,6
4294967279,205
41,5
4294967278,204
41,4
4294967279,204
41,3
41,2
41,1
4294967279,337
4294967278,203
4294967279,90
4294967279,336
4294967279,80
4294967278,531
4294967279,89
4294967279,335
4294967278,200
4294967278,530
4294967279,384
4294967279,87
4294967278,199
4294967279,199
4294967278,198
4294967278,528
4294967279,198
4294967279,0
4294967279,85
4294967278,197
4294967279,197
4294967279,196
4294967278,195
4294967279,193
4294967279,195
4294967278,194
4294967279,194
4294967278,193
4294967279,192
4294967278,191
4294967279,191
4294967278,190
4294967278,520
4294967279,190
4294967278,189
4294967279,189
4294967278,186
4294967279,75
4294967279,188
4294967279,322
4294967278,310
4294967279,187
38,6
4294967278,318
4294967278,123
4294967278,122
4294967278,121
4294967278,120
4294967278,119
4294967278,118
4294967278,113
4294967278,112
4294967278,111
4294967278,110
4294967278,109
4294967278,108
4294967278,104
4294967278,103
4294967278,102
4294967278,101
4294967278,100
4294967278,99
4294967278,97
4294967278,96
4294967278,95
4294967278,94
4294967278,93
4294967278,92
4294967278,91
4294967278,90
4294967278,89
4294967278,80
4294967278,79
4294967278,78
4294967278,77
4294967278,76
4294967278,75
4294967278,67
4294967278,66
4294967278,65
4294967278,64
4294967278,62
4294967278,58
4294967278,57
4294967278,56
4294967278,314
4294967278,55
4294967278,54
4294967278,53
4294967278,548
4294967279,73
4294967279,72
4294967279,305
4294967279,304
4294967278,550
4294967278,63
4294967278,71
4294967278,309
4294967278,70
4294967278,308
4294967279,183
4294967278,182
4294967279,182
4294967278,181
4294967278,307
4294967279,181
4294967278,180
4294967278,179
4294967279,179
4294967278,176
